version https://git-lfs.github.com/spec/v1
oid sha256:269c7668eb611757a72c3a72e00971163644f0f294fd1a2f72e9fc9c92658e24
size 3213
