version https://git-lfs.github.com/spec/v1
oid sha256:0407bd49f85192ef9dfd6346d9c4903fd47aeb4648b4e993f942b7afbe2829b8
size 939066
